200 5
-1.565479841624908275e+00 1.580681215545272078e+00 -6.345120588592658706e-01 -2.417715089415645169e-01 -4.545006127539736873e-01
5.139608784073352865e-01 2.244642570729731279e-01 3.407457133543925210e-01 9.780306979104931298e-01 2.476147155170597136e-01
-1.053811922044661786e+00 -1.400880322546526502e+00 8.787713972726238776e-01 9.299242192258808659e-01 7.354957018689990411e-01
3.526021914764826959e-01 1.921021080283545013e+00 -8.379904581770220018e-01 7.436803234159421461e-01 4.970199697121755467e-01
-2.870979565069073924e-01 1.661491607712561047e-01 8.211743474924401154e-01 1.039749110803053628e-01 1.371128093711137419e+00
8.195524480515569143e-01 1.010151179396783672e+00 9.438381377092079916e-01 -7.839970246351039007e-01 -1.495463207591666288e-01
5.299102554485939087e-02 2.087564719271316482e-01 1.706537323627126124e-03 -3.997201666300655987e-01 3.276072127832847514e+00
-1.550396820987507196e+00 -9.755998338635236689e-01 -1.418297371276041330e-01 -1.161830408435872153e+00 -1.260201030966409785e+00
-1.072592217302788198e+00 6.623131316841114613e-02 8.884260712570405394e-01 3.037720025414658021e-01 -1.031384385936828352e+00
7.538734418415511396e-01 2.973859213107383770e-01 -8.441460565518499326e-01 -3.788942686072176991e-01 -1.017635069600668185e+00
-1.003117726478159222e+00 -1.441203726212529901e+00 -6.092677560753730903e-01 8.503458470521756407e-01 3.538359556320772592e-01
4.725155333120574230e-01 1.847352709970601525e+00 2.897522727544191157e-01 1.262576881826158459e+00 1.564174175649272469e-01
7.784513011956113449e-01 8.275716079639379164e-01 1.866734971823061709e-02 7.728812889725731328e-01 5.307125175756425284e-01
3.087071360008667997e-01 -1.362141270506980195e+00 -1.269671660992559348e+00 7.979124245018802686e-01 6.056582356677525647e-02
3.258078736054141611e-02 1.293817799318351058e+00 4.411459910941043505e-01 -1.540986608685319670e-01 -3.337706163159427919e-01
-9.682039803351117913e-01 -4.545166298716590836e-01 1.623539892099287174e+00 -8.200666748469275236e-01 -3.378345593457025564e-01
7.620140333736803023e-03 -7.859933854984776369e-01 -3.305995455193497246e-01 -9.060390995571286910e-01 1.133816454820887776e+00
-1.254538125599018894e+00 -1.604582802018083287e-01 1.212391101465040588e+00 3.738916875905829995e-01 1.365062755721040966e-01
-7.029104567369687251e-02 1.805049256281525683e+00 3.092765415014197550e-01 1.373838969729042958e+00 9.759943229792228392e-02
3.085992615175365827e-01 9.170008207851222670e-02 -7.379348912137726479e-01 -8.339315592852023507e-01 7.999657375804454240e-01
5.379319404387293835e-01 -5.578556461774679676e-01 3.432638788677734309e-01 -1.835761549797251702e+00 1.468239077493451950e+00
-5.244004755684602559e-01 -5.175603188895826490e-01 -2.026925214457135638e-01 -1.165981456589038734e+00 1.213790417352293982e+00
1.671214707200082916e+00 -7.177596628260808354e-01 -4.627602423905424200e-01 5.478040129829031546e-02 -9.617316874408022853e-01
9.661374432837362969e-01 -1.669471622188206106e-01 -9.380020234064939677e-01 6.226134228139159621e-01 -1.940591488034683620e-01
-6.934395511202431361e-01 1.299624786689577371e+00 6.569618579569151962e-01 2.497223261491690049e-01 1.320723869845826348e+00
4.779497454029061343e-01 9.267522218120710642e-01 1.763532435896544515e+00 3.988374322749027034e-01 3.026602653328248627e-01
8.328841687221963386e-02 -1.554846677864357263e+00 9.405843680721989175e-01 1.259818701857297607e-01 9.891466881354538110e-01
3.129357081868171936e-02 6.867240393528210030e-01 -1.657699861065305147e-01 8.729139814771085248e-01 -1.266369152347437854e+00
-3.382206787208069110e-01 8.298560341548704145e-01 -6.886973030310418187e-01 -1.685635866315171039e-01 -7.880524379592646067e-01
1.689607107012465192e-01 -1.654855707434317938e-02 2.658928336444819074e-01 -1.067663078519310860e+00 8.560000573618760378e-02
-3.375651712016405903e-01 9.863504703854356626e-01 -2.647948583682782520e+00 -7.479581077110104559e-01 1.796728924133988547e+00
-1.949895817792133279e+00 -1.015067931492253273e+00 -1.711683297351161315e+00 5.087211998578177186e-01 3.551488622824126862e-02
4.441653692252738872e-01 5.589495379435898137e-01 -9.092657763164323503e-01 5.238279324915405821e-01 1.531793777798112488e-01
1.251908772513567802e+00 3.077498847153870357e-02 5.271293256689364437e-01 -9.343763256993585786e-01 -1.398784148783192238e+00
-1.564010801656911420e+00 -1.203917013973073269e+00 -1.602459637934630365e-01 7.280978330880338856e-01 7.228742475446755522e-01
2.337387093309187536e-01 7.862091893426547129e-01 -1.593479051769026156e-01 -2.340924548619450984e+00 4.608959192330346066e-02
-1.508978510343973733e-02 4.311787444644596956e-01 -9.003168319581580925e-02 6.106865082758348162e-01 -1.376200946553012505e+00
-4.525509711880993935e-01 1.760431372309983478e-01 -4.157528948409377478e-01 -1.553230566719157713e+00 8.448259116443920802e-02
-5.546756252575262280e-01 -5.448575653573094479e-01 4.488916946847664735e-01 -7.419719151521705913e-02 -1.657457215293249631e+00
-5.966292370862801703e-02 8.281675654699569566e-01 -4.516531087561930780e-01 -2.274148521102810627e-01 -1.924438498318593524e-02
4.410188425511456511e-01 1.207568893685128764e+00 6.393512865084759467e-01 1.581547115497731859e+00 7.127520831088713926e-01
1.825631598614869899e+00 -4.273109764091924112e-01 -5.363927272181473471e-01 5.388507235648801741e-01 -3.128049427604631672e-01
-4.689977851944625575e-01 4.509054540872191319e-02 -2.027244753124717747e+00 1.305253650587337999e+00 1.601809768501747833e+00
-5.023083999007165179e-01 1.188825720044729417e-01 2.330428576524445905e-01 -8.586532696328399439e-01 1.541225663584775196e+00
4.697431358594968964e-01 9.854369858383000835e-01 -7.730623071907380961e-01 -2.536097352303381403e-01 1.552706203507076443e+00
1.483620597424020748e-01 -2.057783594186082698e+00 3.000636293839015201e-01 2.258665376795992330e+00 -5.249381363120738664e-01
-4.396728920738402491e-01 -8.957918818866477118e-01 -8.933997866819111122e-01 6.773067743840386346e-01 -7.942307895464835177e-01
2.258946164694637826e+00 1.959339751337875191e-01 1.787060664857065939e+00 -1.681152000875299146e+00 -1.591114904597883628e+00
-3.387795005268715715e-02 -5.657396343584281118e-01 -9.386906642929240263e-01 -2.876877465549333990e-01 1.255720212958168602e+00
1.557274279694632169e+00 6.225641316770439415e-01 2.129146929475858596e-01 4.175853847021402943e-01 -1.294557808476287875e+00
-1.282070496365064649e+00 -1.130770686570025552e+00 -1.721198822887352042e-01 -1.788402637866615796e+00 -8.156247683739562548e-01
-2.071437063566316517e-01 5.727459634758530482e-01 1.785353403338075517e-01 5.223628521640093225e-02 7.385243032498116644e-01
-3.491289858474771468e-01 -1.148565139563262782e+00 -2.362163797549203248e-01 -3.115062097532595442e-01 -9.300966055020755130e-01
-6.441686337012139107e-01 -1.622131241136656465e-01 2.874372290459448198e+00 9.737336469215837065e-01 3.437503082216537137e-02
-2.143028510928571551e-01 5.836833265596395176e-02 -1.945091805847674327e-01 3.843624158314907779e-01 1.063283732283466732e+00
1.794781068618221120e-01 4.333604941231666285e-01 9.182056758577651356e-01 -1.058380366991152677e+00 1.182705199568145016e+00
6.384789361158021981e-01 -8.364422624415926780e-03 8.640496397684391816e-01 -7.029746888250248960e-01 -2.905659261356423051e-01
2.097564407199373093e+00 -1.607677402240865527e+00 -1.146650298656993083e+00 -5.499665121158097136e-01 -4.073037517989147038e-01
2.264927795963777579e-01 -7.698112290661872636e-01 1.397274846281620908e+00 -1.038564873349208106e+00 1.453476182523623372e-02
-3.547998446919665150e-01 8.429504888394938611e-01 -8.400063014282651563e-01 -1.468452552731501548e+00 7.919038397446985789e-01
-1.443640200360314374e+00 -9.215283766677992427e-02 -4.832937974610261311e-01 -1.762278553958402050e+00 -4.122750228151576546e-01
1.322517699065062668e+00 -1.146562788923665810e+00 -1.571573736800095933e-01 1.185776411025406318e+00 7.736283325940374045e-01
8.266832778602865028e-01 -8.847730800778726978e-01 1.352882449931069875e-01 -2.504607221418565288e+00 6.618792151923895695e-01
1.304089241417581313e+00 -1.707357005758228796e-01 -9.871606356077620159e-01 -3.811183808935620365e-01 -3.238587627325653084e-01
2.380751376102421824e-01 3.933833120314828707e-02 -8.746382749857488370e-02 -8.647423644353732786e-02 -1.144885695769304768e+00
4.552103204874523024e-01 8.465102062567772534e-02 -4.317904780891224092e-01 5.168059230515821278e-01 3.031377047999523344e-01
2.349331608886413125e+00 1.497319851951962155e+00 6.775837525250228977e-01 2.264993125534502660e-01 -1.057641169195924657e+00
-2.519436488548429387e-01 1.104726516202382713e+00 9.127517361106567417e-01 1.440965485404996027e+00 1.394085163044924691e+00
-1.027934107014054410e+00 1.409212113160357882e+00 3.831216756092384323e-01 4.834543868373675918e-02 -1.078594818188367555e+00
7.721261624515597388e-01 -4.968313752603418232e-01 -6.796909839954247412e-02 -4.971973258177039279e-01 6.741960042544653531e-01
-2.366241752213642968e+00 -5.993617060819844689e-01 1.518015525845468616e-01 2.978274485527637738e-01 -2.044944544919490070e+00
-9.402082964606869320e-01 -1.571748644211054258e-01 9.412883808906336025e-01 1.110274463959880054e+00 -2.474276254256146945e-01
-1.481646791907345051e-01 6.772464547809952107e-01 -5.924761141110920226e-01 -7.561418795638888968e-01 -9.184128371837472216e-01
-1.119466771596992816e+00 -2.472240059393598088e-01 8.420529546732756498e-02 5.410981839089797768e-02 3.796759755528140712e-01
-2.055774755810044319e+00 -8.192553348314403072e-01 1.012547927288528715e+00 2.034580153389790702e+00 -1.016821783483035313e+00
-1.081765160307061713e+00 2.532668091457796478e-01 -1.655357787592727781e-01 7.097869034587946935e-01 -8.925208375076721934e-01
-4.857459779350861706e-01 1.847123497082300003e-01 1.767678599810465601e+00 1.313096375342368116e+00 8.551299938936136602e-01
-4.655313604432118613e-01 -1.205952132295225743e-01 -2.658400562855776639e-01 6.187313947100613332e-01 -1.188279462205928116e-01
-1.142561357296622698e-01 2.522437567188362983e+00 5.067786206964368656e-01 1.141571055661447509e-01 2.394233540206467670e-01
-1.282218802117049750e+00 1.028977983728142309e+00 -8.149872356388262462e-01 2.492138039942380257e+00 1.407049331255095126e+00
2.044346227238446889e-01 4.568788597571065146e-01 1.378794762675976449e+00 1.318258269156105320e-02 1.545462443089850479e+00
-1.975550129266337551e+00 -8.865657246803362312e-01 6.151817123453255931e-01 -7.796901606271543494e-01 -4.906271112268960066e-01
1.841061150782211886e+00 -3.015478880060524780e-01 1.347785921150282284e+00 6.821793424766087188e-01 6.042479583107648322e-01
2.744551484915614958e-01 -2.098490567684367480e+00 -1.879206433568970214e+00 -5.228516560552576298e-01 -1.134636735316613798e+00
1.908337564615245618e-01 1.099765421335457516e+00 -7.506388917816370077e-01 1.147600463441571517e+00 -9.846146012880242770e-02
1.265048471569633293e+00 -8.548298037629132873e-01 8.105344714796625105e-01 1.705398595228778458e+00 -2.792777070109468962e-01
-1.100860213569068380e+00 2.941748041911764200e-01 -1.525925488704733546e-01 -3.231875818554144630e-01 -9.492749979633966495e-01
2.293583321230323602e-01 -5.365278957100032553e-01 8.702120599403654344e-01 -8.931953849014846736e-02 9.539445308674058266e-01
-5.665727647421694435e-01 2.033442822504558656e-01 1.153248866233723691e+00 5.755301278003797094e-01 3.906829988583487845e-01
-2.340314838249498430e-01 -8.494983308956295387e-01 7.363485756534345061e-02 -2.628359906867480111e-01 9.397411151716301980e-02
-1.200317831733566099e-01 -2.482585645659710349e-01 1.391871345405137239e+00 -1.191647803342850975e-01 1.342995534979583461e+00
-1.525162520365250796e-01 6.910449425472540153e-01 -8.907749413304801855e-01 3.034167988795883342e-01 1.078884313212370438e+00
6.503335860937753399e-01 4.939624219754784606e-01 -1.907402120346916030e+00 -3.071911676392293233e-01 -8.100872640960747884e-01
1.276836394934255658e-01 -3.657132435361405975e-01 7.655118797485311877e-01 3.743810244415310406e-01 -4.656460852878509526e-01
1.541266861149637846e+00 -1.589846170344697773e+00 -1.668011955251915215e-02 -1.757959506742159672e-01 2.417927550729825903e+00
9.819893052179089477e-01 7.297898077685150975e-01 1.114037766228116899e+00 1.170460132230511097e-01 6.261892504277734028e-01
-7.928511800428582612e-01 -3.871095341975614446e-01 -1.710857423698382673e+00 -2.224114773656392929e-01 -1.746764121667088721e-01
-1.926990991331181124e+00 1.152103274140109379e-02 6.857442244857051561e-01 -1.798433229791372989e+00 -8.057451901708470032e-01
3.147747820593509993e-01 -2.066830004459275560e+00 1.844239764824879280e-01 2.279303151522560356e+00 -1.319155518101863267e+00
1.576741757854153159e+00 -1.714688626225866763e-01 3.026731022870759791e+00 -2.115113921501851069e-01 -9.823391649914410273e-01
-5.261285342822350497e-01 -2.864724321299203513e-01 1.034467126466170450e+00 -2.555425567612128468e-01 -4.555024770937162737e-01
6.446441372611403375e-01 1.930366030931088384e+00 1.346797146512870968e+00 -5.591850073976064595e-01 -6.140455959630428673e-01
-7.149955068536084646e-01 -8.092519395569257312e-03 -9.703379149701892858e-01 2.532452017006824097e+00 1.658144955166298340e+00
2.139733376950081922e+00 -1.321293122771699968e+00 -5.879023029389903732e-01 4.840684918279243854e-01 5.651756985775306941e-01
1.262417305814003798e+00 -1.167676944274083750e+00 1.144738000670683098e+00 -7.476493744748922976e-02 3.786420986005812894e-01
-1.054182256439174958e+00 1.582959091011625796e+00 -1.984652214183338370e-02 -1.053328148734000047e+00 -1.810813089732435710e+00
-3.999282674057341724e-01 7.004947515242230249e-01 5.973027723390732513e-01 4.331928845197329236e-01 3.135313202165155300e-01
1.080813922495468121e-01 -1.701597676279174243e+00 -2.084444198538240867e-01 -6.815214472822553882e-01 -7.187246123358135286e-01
3.790866568532731962e-01 -1.878137042069653928e+00 6.690562232234369411e-01 8.654878368817243706e-01 -1.019285013794808625e+00
1.022674443874477396e-01 -1.778666489863931777e-01 1.996797731453712338e-02 -1.608219694286271206e+00 7.805300052473588268e-01
-5.499908934522265147e-01 7.660799000041994544e-01 -4.047259184592089110e-01 -7.627337487672781746e-01 -4.913190804910520515e-01
-2.830612114230727366e-02 -5.206246204499325181e-01 1.741277125156241723e-01 1.103000230744570098e+00 7.692088553879958823e-01
1.639594596648146885e+00 -1.865686505304553711e+00 -1.139795003483490055e+00 1.562167774032635181e+00 1.097604129149975405e+00
-2.856901085647302052e-01 1.128560408024739115e+00 6.284402766272105811e-01 2.517565962765621057e-01 1.265806981493946271e-01
-1.644099483438992815e+00 7.538749431592332018e-01 1.043977290953204129e+00 8.288567927165599869e-01 2.403018408175198850e+00
2.307977141379254693e+00 -1.898244203121161489e+00 6.481528120397985759e-01 -4.595905658408606653e-01 7.594047632728654351e-01
1.113517640717827772e+00 3.222803232060986178e-01 1.826549161223349982e+00 -1.196715103508701805e+00 -7.313465497758462330e-01
-8.746955399244078500e-01 7.531402384862720956e-01 2.061962681351452720e-01 1.148085624902937640e+00 3.321920213954618339e-01
-7.968730193429962583e-01 -7.275754003699691497e-01 -1.447608902044481338e+00 -1.087753850125039001e+00 3.733468643246078411e-01
-1.044384043818621821e+00 1.599375641891627398e+00 -5.124727328327874920e-01 7.401156958845618306e-01 4.852349511426699569e-01
-1.195493449298056010e+00 -1.424481208765148832e+00 -7.333734862805441068e-01 1.126250098596488058e+00 7.014254729844886516e-01
-1.137724128044679955e-01 1.630015008428904233e+00 5.295324926517805952e-01 -1.017834930082705425e+00 -3.924456068690415633e-01
8.775754475046662062e-01 -6.409498449707864420e-01 1.715158111474842928e-01 -7.268612747040448241e-01 7.710985882812342318e-01
-8.025559007425203673e-01 7.342580744615726518e-01 3.192602044142550111e-01 -2.306604181622246286e-01 -1.674908659861094939e+00
1.341404757105035150e+00 1.551424936771786112e-01 -1.171655794085580737e+00 -8.495013199575769391e-01 -1.319114053463384728e+00
-4.173464444465331824e-01 6.688947143367723891e-01 -1.378012583646761380e+00 5.118928821355240855e-01 3.172535437598622554e-02
5.970133302900276773e-01 2.584465892472452286e-01 8.339315927911011839e-01 6.260635170261182880e-01 1.031482729793699260e+00
-8.356260492679723484e-01 -8.024727226389032353e-01 -1.121696470833147607e+00 9.880188855288826177e-01 -1.654855574714142685e+00
-4.754918616059314873e-01 1.019454592751993127e+00 6.276301811466041825e-01 -2.784667177307850405e+00 6.865541496364682139e-01
1.244848518137055882e+00 1.173638084807227644e+00 -2.227034915815225169e+00 -1.217350855528185560e+00 1.537398199255044229e-01
7.260024159140056055e-01 -6.940272488252676730e-01 1.231782419517690963e+00 -1.187455655610987648e+00 5.031798191907824735e-01
-2.475409985965545956e-01 7.454819339817640722e-02 -1.278663726253035593e+00 1.633265407852739104e+00 -1.088383990878467600e-01
-2.101696624003511205e-01 -2.266228370794648173e-01 -1.653322429032324514e+00 2.496082186486840160e-01 4.992007012071012495e-01
1.410806442987113885e+00 -1.005609476997042728e+00 1.449446377008454523e-01 -3.787212210513665744e-01 3.188555570019512286e-01
-8.850504677399484432e-01 1.085868534558535048e+00 3.221421252627167942e-01 1.632543606287120419e-01 -8.938002824403868951e-01
1.812315532521717287e+00 -1.024176336887166139e+00 2.551184286835816994e-01 1.397534441810314165e-01 9.168295400182041588e-01
-2.869660945403678665e-01 -1.597441468532454778e-01 -4.025978675067253820e-01 1.143216373403705521e+00 7.016628086396919928e-01
-6.495397854929201298e-01 5.574738998202239948e-01 7.125588308220676126e-01 9.032834798399314025e-01 1.792391959989274586e-01
2.844548157472406746e+00 7.898968296116304355e-01 -2.067863396603965842e-01 6.054866604771319549e-01 -6.080041144498160577e-01
7.945490181271821495e-01 3.587494001389298498e-02 -1.395428410198620295e-01 9.454452910203618998e-01 -6.490912286085849248e-01
7.316858372159148471e-01 6.404763380550805296e-01 6.318004021018898131e-01 -3.488253320566885862e-01 1.159755628245851211e+00
-1.058214777793559103e+00 6.123865268447348242e-01 1.325302147555575516e+00 -7.058538029231903321e-02 -1.373983297974184170e+00
-3.193023606595429276e-01 6.626289474244739797e-01 -1.562620821916826275e+00 7.362776324435472697e-01 -1.516790445890312089e+00
-6.181976687504672774e-02 -2.094526631770617653e-01 -2.850944741386171044e-01 1.607043788265475337e+00 5.995987054666485072e-01
-3.795246682176197095e-01 -8.003780973133197696e-01 4.747682703869617882e-01 -7.101013099976357656e-01 1.104775120869055272e+00
-2.353799009017183697e-01 -2.894350915180302630e-01 1.413128919497094182e-01 1.684009075381411313e-01 -4.753586461062682123e-01
1.889308077969188704e-01 -2.100128587482609444e+00 1.220593848262314429e+00 1.349095332994156848e+00 -7.771519625993280611e-01
1.490096608709210235e+00 5.987764439301264119e-01 -4.424731687544326553e-01 1.714213275624547839e+00 1.228467175813054979e+00
-1.306894040275128788e+00 6.168781236319491601e-01 -8.142509504807612375e-01 -1.219837274548755346e+00 -4.509674542681433862e-01
1.130220194059185390e+00 -6.050727976557007670e-01 -6.096947118285137579e-01 1.301734959291976246e+00 9.807167850425502209e-01
-2.158766702416095917e+00 -8.057951862238695862e-01 -2.788510444136662603e-01 -1.446728951180289657e+00 7.711910576325311517e-01
-7.382580554206555901e-01 -6.758014534164139553e-01 -1.768589337528615468e+00 1.413478796524865633e+00 9.149449414992893992e-01
4.577984348153505967e-01 -8.555076464193392960e-01 1.291715111133137639e-01 -1.130751226816337329e+00 -2.619129871969959056e-01
7.038896379743899701e-01 7.668891823224035509e-01 -6.538380088448776661e-02 -1.554263389751063540e-01 -1.258839295743190645e+00
7.710267358530691340e-01 1.127532360591430027e-01 -2.112403608239669772e+00 -5.309425141717811769e-01 8.844899155408647573e-01
4.005629357925453715e-01 -1.539521856735146743e+00 -1.488526416936947427e+00 -2.323265182107350668e+00 -1.215389951606739904e+00
2.636913709849963983e+00 -9.268179745054735408e-01 1.980221505183398234e-01 8.829152109140205040e-02 -5.711333858180448475e-01
-8.808555296123115053e-01 -7.762760284692238333e-01 4.884088250131023434e-01 -3.134202935482049424e-01 1.704867741006508952e+00
-6.518501512911910600e-01 -1.648283001360090205e-01 3.148348335495227968e-01 -4.554796027070044384e-01 1.807271211573688863e-01
-1.011393604202688978e+00 1.145511957055225238e+00 1.991638506231163008e+00 5.745771704960039861e-01 -4.233171835586242437e-01
1.250912682104068363e-01 -4.181676651506773257e-01 8.622496645076619393e-01 9.948096773151672290e-01 -3.192933041365918490e-01
-2.184228458314694254e+00 1.759709636436007640e+00 9.277889019431508899e-01 -5.584696091697118892e-01 -1.073201326742744044e+00
2.467761420717026477e-01 1.636260066039256778e+00 3.356189053330212169e-02 3.840106417170865427e-01 1.659484756451448106e+00
1.395125936656271159e+00 1.008696862575401143e+00 2.964687554605373032e-01 -2.038872184920719643e+00 4.553730402035366942e-01
9.740703008861855139e-01 1.120036563191009416e+00 -9.453405425986073363e-01 7.656467588958931758e-01 -7.550583652103264043e-02
2.317942746749311334e-01 -2.316005668170942333e-01 -1.172629846408126397e+00 4.472036508241156172e-01 -2.808381332980171674e+00
8.724895557550623737e-01 -6.843894976824405063e-01 -1.336334449150764492e+00 -6.250172516597167771e-01 1.007554203282445382e+00
-9.947521221225174015e-01 1.983983818986855274e+00 1.097139249566251029e-01 3.208197755959770747e-01 1.748806105810855049e+00
-3.041415887925724149e-01 -1.232608190384713032e+00 -7.502550424453953148e-01 9.458833810564175604e-01 1.589333686870961992e+00
1.316439263249149949e+00 -1.839649744422945099e-01 8.685511451164384944e-01 1.602019432593006387e+00 1.614562968734355730e-01
-1.770098231228231844e+00 1.012555176281763059e+00 8.579609353563449892e-01 3.064592607712529615e-01 7.995131678877210879e-01
-3.951921880797151787e-01 3.719686588381642123e-01 -1.069706057205950467e+00 -1.375456716913043831e+00 -1.788920259370177623e+00
7.227558905359188213e-02 1.057865873840019511e+00 -1.736506121177411321e+00 -2.591435417835766253e-01 1.714944943138777544e+00
-1.037222810686053487e+00 -9.625389010388396560e-01 -3.540641267232634837e-01 5.431311971861649823e-01 -2.704892074380637612e-01
-8.655638860600479711e-01 1.245333035119790432e+00 -4.172568746057793154e-01 1.476099845168307167e-01 -5.515068617600501488e-01
5.674207019442447653e-01 -1.465519087643901264e+00 9.515597682471883534e-01 1.003321362507225284e-01 2.685282421091869764e+00
7.093764701848562781e-01 -1.969111521453009161e-01 -1.579453574348863801e-03 2.532217011884678737e-01 5.890902146085270630e-01
2.001241136409843691e-01 2.154849306643562556e+00 -4.906886515063374476e-02 7.388445208491685179e-01 4.404845260289955711e-01
1.960836344099032569e-01 8.790387105859766015e-01 7.582550672851546825e-01 -1.627461990497265365e+00 1.940304267665837745e-01
8.983315181131081850e-01 2.736284202770878915e-01 1.497073546693265256e-01 8.636302712859507125e-01 6.128042005882589072e-01
7.358410665786602189e-01 -5.357947348911302754e-01 1.096045284710657874e+00 5.196279920084431181e-01 -1.115291245083240845e+00
-5.806411955972140548e-01 -8.567324163604991272e-01 -7.321727222344592834e-01 -3.201612431244113544e-01 1.804065190963692000e+00
-8.016878846681371185e-01 6.970940724613347017e-01 -9.160436275607017897e-01 2.033370555837573646e-01 -2.691410064404463842e+00
-7.970326421581371834e-01 -5.396634697800690716e-01 -7.543817705369418869e-01 9.272673836292545380e-01 1.562492822635421330e+00
-2.294867468208855107e-02 9.392858369355614467e-01 -5.008206267408040757e-01 1.180958369162802724e+00 1.064124039424295232e+00
-1.359364534309848827e+00 1.155127899641352096e+00 8.866063284385603538e-01 1.153603754901985967e+00 -3.350770190222296940e-01
-2.630941507995234740e-01 1.072401276061659692e+00 -6.924407283139134561e-01 -1.270618554260125155e+00 1.097365923316006436e-02
9.595941570955456301e-01 4.943752170125387257e-01 -5.737338083424785573e-01 9.082845956508446283e-01 -1.791858416259442643e+00
1.109217956567917218e+00 3.762407064726066425e-02 2.604426092201937992e-01 1.173807600526349804e+00 -2.073925118163909787e+00
9.205276657455833955e-02 -9.319618243776898181e-01 4.578897910748644384e-01 -1.582114871969499736e+00 4.424835276889381719e-01
8.304701950740140948e-01 -2.435577180911003004e-01 2.767738055534514352e+00 -6.148593558590209618e-03 -2.802287397958662107e-01
-1.501415108968858103e+00 -1.277859135505095223e+00 -1.214873421716646584e+00 1.581876099028839855e+00 9.526008039906301572e-02
2.448251965352082338e-01 -3.968238191257498354e-02 -2.177673114899866924e+00 -6.881821622584675113e-01 -1.799148901295405611e+00
-2.933364291300964433e-01 1.881569199546671456e+00 -1.600578518611545764e+00 1.242826583992874823e-01 3.232654310459014968e-01
-3.270681112458074247e-01 1.605820183650964905e+00 1.196751791230021400e+00 -2.825033501916021095e-01 2.379654178862353024e-03
5.183213742463815832e-01 1.959325819585576944e+00 -1.655773364557514782e+00 6.709570856650516335e-01 1.314919993254010322e+00
2.097026189844870547e+00 5.665571070150144939e-01 9.624650595061811087e-01 5.526870978688075420e-01 1.088918421878908527e+00
-1.551946775196986206e-01 -2.789462243066717639e-01 -1.006171896983228065e+00 8.762224517037268123e-01 -2.322752305825673158e+00
-1.137939635529582105e+00 6.557146855535723740e-01 2.414694560165421555e-01 -5.121284680470651329e-01 -2.318407086917238846e+00
1.005534782290531615e+00 3.065113110607242120e-01 9.456276976341377871e-01 -3.832164137197985321e-02 1.027371262309078492e+00
